# 225 voids from halo_pos_00
# VoidID XYZ[3](Mpc/h) R_eff(Mpc/h) delta_min delta_avg lambda_v DensRatio
1 17.562181 36.164052 89.157494 51.021 -0.927049 -0.269554 -30.195530 1.671215
66 189.135983 78.591145 15.536002 54.792 -0.926619 0.041659 5.083540 1.859592
174 156.849572 254.621649 294.065015 53.848 -0.921007 -0.143045 -17.095176 1.771563
16 113.519125 314.861534 80.908654 45.357 -0.914260 -0.368074 -35.801589 1.163647
55 131.804372 298.806150 52.048162 46.300 -0.901220 -0.385599 -38.444057 1.010031
221 281.361536 175.037954 314.676220 62.854 -0.897483 -0.026835 -3.860996 1.769040
13 26.062101 64.279230 76.160409 32.275 -0.896886 -0.272983 -17.651202 1.221745
119 33.150562 58.238312 210.562717 52.393 -0.896764 -0.076648 -8.863904 1.774200
17 73.188849 68.701448 156.854240 71.814 -0.893061 -0.050878 -8.589686 1.877172
5 39.169427 66.483661 45.044386 39.094 -0.890650 0.037498 3.051631 1.114926
4 37.998847 42.055742 52.511708 45.523 -0.890645 -0.353617 -34.547067 1.193242
157 319.414829 225.725379 286.732018 52.198 -0.889690 -0.062752 -7.224608 1.680018
127 311.243650 103.310048 260.753727 42.066 -0.889650 -0.014942 -1.327800 1.625515
46 70.568135 311.527250 108.940312 46.711 -0.887433 -0.176712 -17.806131 1.156612
102 183.693708 264.821550 101.651036 48.105 -0.887268 -0.157920 -16.483931 1.242999
65 185.369653 32.174841 19.878862 33.927 -0.885694 0.271104 18.612197 1.193797
6 30.151126 86.059147 76.882628 31.974 -0.884564 -0.028718 -1.836162 1.151449
118 16.535765 0.009279 196.031726 45.277 -0.883958 0.080515 7.814980 1.333356
28 25.243372 172.284873 81.029462 41.919 -0.883175 -0.209770 -18.562433 1.287607
90 189.278228 196.745170 49.874872 49.040 -0.882708 -0.262903 -28.084098 1.190478
49 158.431541 218.925868 314.218697 44.002 -0.881011 -0.083098 -7.793844 1.173503
100 205.683595 179.914801 104.788803 44.965 -0.880811 -0.257179 -24.756140 1.396845
187 269.569739 130.887463 246.694135 53.164 -0.879707 -0.107878 -12.696296 1.491144
96 206.448676 293.543074 19.718041 37.803 -0.879073 -0.085814 -6.708002 1.326914
191 229.020309 61.718990 264.330039 36.871 -0.879015 -0.054931 -4.167196 1.794271
44 73.641669 257.452436 109.224579 39.456 -0.872513 -0.019519 -1.606187 1.421440
87 314.391112 88.985622 126.628709 32.605 -0.871994 -0.091301 -5.976119 1.685776
136 119.643375 130.268844 239.941539 34.279 -0.871783 0.094790 6.588596 1.565649
216 244.677684 167.952633 246.082028 39.690 -0.869178 0.043847 3.633753 1.193053
63 155.240668 252.699073 98.151799 31.301 -0.867221 -0.186536 -11.625939 1.055327
57 93.690392 181.459664 144.516717 33.842 -0.867102 -0.102809 -7.036806 1.349912
60 97.744987 255.291883 74.246280 24.775 -0.865720 -0.154964 -7.295529 1.132870
175 115.648994 304.353274 305.266452 29.415 -0.864136 -0.237687 -13.749788 1.536754
84 313.720544 34.137405 99.670689 32.279 -0.863067 0.123818 8.007370 1.028461
0 318.756048 6.485822 35.206339 37.885 -0.862395 0.089040 6.978207 1.412527
32 15.800830 171.326384 93.766339 28.955 -0.861015 -0.304537 -17.286551 1.082311
120 19.646871 2.614707 217.242606 32.680 -0.859516 -0.314098 -20.615712 1.101373
94 190.711709 311.629497 38.017014 27.597 -0.858278 -0.184781 -9.901434 1.132213
71 254.699558 72.602555 46.100343 37.868 -0.858154 -0.053367 -4.180247 1.728270
56 118.630323 191.131638 85.209353 32.642 -0.856024 -0.246553 -16.160322 1.460095
8 91.820150 114.581956 14.008448 43.804 -0.855989 -0.061663 -5.752414 1.345229
34 315.895238 220.597653 82.090344 41.171 -0.854868 0.148193 12.833326 1.266172
82 211.779055 129.936451 151.406347 43.278 -0.854378 -0.086045 -7.911232 1.329465
23 136.165330 137.916800 105.494441 34.570 -0.852759 -0.139999 -9.830176 1.551446
26 12.461687 208.065165 27.505129 30.760 -0.852615 0.255403 15.588620 1.446484
166 72.922898 310.319954 275.354055 40.214 -0.850848 -0.190176 -16.010538 1.343087
149 150.222937 190.995135 151.226700 35.106 -0.849878 0.007591 0.542918 1.551083
27 7.995767 202.070371 51.383890 26.314 -0.848498 -0.308558 -15.616011 1.269008
80 181.705947 123.629956 95.721956 35.735 -0.847715 0.043672 3.190865 1.111666
19 161.123911 29.047075 149.537326 31.323 -0.847417 0.057682 3.598181 1.421286
219 261.607454 187.963355 264.146378 40.741 -0.846398 -0.169047 -14.455956 1.016118
14 2.419909 126.431923 139.076985 33.421 -0.844271 -0.264245 -17.816904 1.220278
99 193.457710 169.261293 153.592214 31.444 -0.843929 -0.051691 -3.239342 1.361842
58 171.765592 205.604946 96.866130 24.925 -0.843670 -0.316571 -15.012078 1.064986
88 274.863469 112.810233 124.768410 33.177 -0.843236 -0.027111 -1.811989 2.035743
45 44.966796 253.758826 166.745548 44.595 -0.842995 -0.212974 -20.298866 1.499151
77 231.730854 315.644763 144.838852 39.133 -0.841884 -0.007705 -0.627804 1.326376
95 245.471189 288.724778 35.187426 34.644 -0.841338 -0.066769 -4.700440 1.242672
214 307.569849 313.555889 219.724121 34.296 -0.841237 0.005718 0.397665 1.283491
145 314.364145 221.559199 206.975446 34.663 -0.840665 -0.165055 -11.626901 1.314268
173 101.004063 288.319850 303.876382 27.410 -0.840548 0.064530 3.429672 1.309411
9 142.595604 74.969617 17.110899 31.808 -0.840237 -0.021289 -1.352727 1.046276
168 85.136551 287.065825 189.045913 38.598 -0.840126 0.573097 45.931612 1.577676
192 244.551954 5.889724 296.367604 41.874 -0.839219 0.283544 25.058354 1.666150
72 290.154539 20.127862 37.284161 40.711 -0.838771 -0.122418 -10.459368 1.164662
50 113.998553 187.153137 76.370750 32.717 -0.838697 0.518272 34.062670 1.397149
40 27.864118 291.423856 25.458094 34.371 -0.838287 -0.019476 -1.358099 1.593359
124 10.307202 31.248368 269.025580 38.204 -0.837022 -0.141380 -11.192225 1.505329
92 229.781834 221.065802 45.603236 37.024 -0.835257 -0.031810 -2.425160 1.365088
178 165.092924 311.308208 244.968396 40.536 -0.833828 0.214412 18.224387 1.308223
85 245.206634 34.193320 101.286520 36.698 -0.832816 0.172693 13.026865 1.407511
159 171.096220 182.467539 319.086248 28.771 -0.831854 0.079154 4.458885 1.128776
53 126.693207 3.926582 27.598568 28.456 -0.831033 -0.311055 -17.292106 1.044415
217 193.381277 176.954844 2.032506 24.446 -0.830993 -0.120361 -5.576241 1.510219
98 246.351258 302.078576 44.684466 29.752 -0.830911 0.176834 10.370286 1.166047
78 246.236263 57.237090 143.811962 36.401 -0.830243 0.243360 18.179806 1.673663
15 14.045891 128.576110 136.113145 29.665 -0.829291 -0.015429 -0.901619 1.113198
7 5.727278 142.522929 72.502399 26.330 -0.826351 -0.144136 -7.299894 1.349853
115 228.908953 306.563486 130.237669 37.834 -0.825106 -0.074071 -5.795685 1.199134
22 94.633020 101.841187 95.288110 40.222 -0.823379 -0.070603 -5.945319 1.506810
144 78.665964 165.396664 212.603030 33.432 -0.823183 0.092411 6.233361 1.354557
134 98.909182 9.945933 268.223761 33.388 -0.823053 0.069690 4.693265 1.132119
37 74.018170 200.147498 141.573721 35.947 -0.822860 -0.142902 -10.515654 1.012765
164 16.581103 279.663175 291.430352 26.267 -0.822691 -0.179629 -9.071145 1.481868
116 303.762574 260.981630 155.521567 36.565 -0.822111 0.113356 8.513769 1.250151
208 175.461946 266.964711 216.687441 35.862 -0.822054 0.021632 1.587286 1.317452
76 166.231805 75.733991 111.740711 32.658 -0.820565 -0.160790 -10.544855 1.332770
93 159.946530 267.178407 4.342929 20.020 -0.819681 -0.309123 -11.269047 1.003304
222 317.251280 220.509508 261.673883 36.889 -0.819389 0.084215 6.392501 1.026090
123 39.458596 112.318319 209.594117 35.329 -0.819245 -0.159991 -11.530703 1.188340
197 294.858133 54.520137 284.976874 30.589 -0.812849 -0.084375 -5.115509 1.420882
193 188.994298 56.403856 319.342941 20.185 -0.812334 -0.050216 -1.848788 1.128528
111 283.815153 195.976796 113.050599 35.935 -0.812013 -0.147464 -10.846961 1.410598
130 316.163229 100.289525 305.219232 32.350 -0.807698 0.280190 18.167780 1.233177
148 108.985774 167.480412 159.424506 35.416 -0.806929 -0.047010 -3.398000 1.093027
122 56.116831 131.602186 198.869069 26.894 -0.805262 -0.209797 -10.898925 1.103009
135 123.967626 50.775155 257.575971 33.682 -0.805247 0.055080 3.748638 1.050887
103 186.705264 301.072801 93.322847 22.727 -0.805127 -0.076953 -3.266407 1.076343
160 130.664189 229.447927 268.177198 35.420 -0.805082 0.241816 17.481855 1.081408
59 114.965515 209.983020 113.115930 35.661 -0.805013 0.139060 10.135224 1.078117
194 233.616997 57.469617 249.746296 26.726 -0.804404 -0.128803 -6.641151 1.109835
41 59.479444 303.551224 27.968963 24.618 -0.804373 0.013367 0.624491 1.128184
184 256.920072 33.923743 199.865267 42.010 -0.803835 0.097770 8.674215 1.281157
209 219.071203 255.859123 150.937345 34.807 -0.802997 -0.008107 -0.573964 1.143852
54 127.030446 249.984579 49.766964 18.160 -0.802799 -0.032329 -1.048433 1.038203
51 111.893173 242.322111 11.825686 24.417 -0.802227 -0.047989 -2.220140 1.172360
121 315.399501 160.887903 161.499872 28.259 -0.801571 -0.073258 -4.038782 1.502004
150 102.745719 224.690861 208.000874 31.476 -0.800966 0.082749 5.192106 1.054844
3 61.596508 41.039978 12.035566 26.071 -0.800903 0.166004 8.308281 1.058845
86 292.634399 39.248898 158.808647 33.218 -0.800075 0.148013 9.907301 1.328364
62 132.440781 304.037042 160.507664 32.124 -0.799679 0.086974 5.592227 1.169026
105 3.956797 217.125537 46.842521 21.137 -0.797736 0.467610 18.194181 1.001025
125 52.083525 54.137030 245.922670 32.531 -0.796883 0.002722 0.177698 1.066328
67 196.724525 128.517670 44.942299 36.221 -0.796390 0.161251 11.974527 1.370077
33 76.400769 204.687818 100.561140 21.659 -0.796370 0.016829 0.674237 1.150250
207 279.344412 169.007478 201.869388 25.412 -0.794821 -0.078744 -3.821863 1.186343
152 108.920191 216.761693 214.496028 32.538 -0.794457 -0.188068 -12.279609 1.021442
113 258.362353 262.693844 91.180629 30.708 -0.792816 0.061645 3.754887 1.381789
117 299.407360 317.391014 126.992353 30.295 -0.792541 -0.030249 -1.812820 1.151094
141 4.065082 199.454923 178.588258 29.942 -0.791078 0.023211 1.371589 1.149654
20 156.830866 49.275504 108.997321 30.319 -0.790700 0.003571 0.214214 1.057274
186 283.156323 98.821656 228.564358 23.890 -0.789579 -0.260726 -11.749897 1.123788
114 279.377369 246.628545 145.887773 30.473 -0.789288 0.255543 15.422907 1.283536
177 165.074213 41.222778 155.666102 29.146 -0.789223 0.068631 3.926553 1.028880
162 22.563253 289.249901 224.706833 26.789 -0.788482 -0.344630 -17.819482 1.158315
180 233.748986 69.644175 213.946499 29.263 -0.788374 0.096066 5.522752 1.419029
81 191.423691 106.773839 152.878295 29.264 -0.787129 0.246767 14.186945 1.259765
64 149.007268 305.155605 147.086692 27.612 -0.786385 -0.018516 -0.992797 1.211020
21 152.285363 64.796504 122.347050 24.802 -0.785995 -0.157684 -7.433136 1.034028
10 121.929482 138.123080 2.656698 26.248 -0.782721 0.184404 9.304341 1.005901
213 243.464229 246.807824 218.809447 29.765 -0.781996 0.117937 6.919974 1.554637
182 167.911068 115.447034 209.492619 30.003 -0.780811 0.334163 19.795076 1.492314
183 220.397675 163.537856 234.695649 33.119 -0.780803 0.193083 12.877629 1.000413
215 156.847483 199.283344 254.465050 31.521 -0.780783 0.222941 14.012406 1.471645
154 40.231594 184.034023 258.484339 32.481 -0.778830 0.147100 9.584492 1.174430
163 66.613673 268.696286 237.472418 24.742 -0.776389 0.014859 0.698415 1.214450
61 92.041771 235.965572 164.016407 23.283 -0.774849 -0.061669 -2.694705 1.163733
143 34.688816 179.894165 174.958863 25.194 -0.774593 -0.196345 -9.431231 1.212351
128 41.076795 160.465912 255.703352 25.694 -0.773319 0.158677 7.803972 1.145881
205 182.725008 193.347817 220.347162 30.015 -0.772908 -0.086766 -5.142253 1.306920
169 156.847004 269.517777 208.095010 30.576 -0.771959 0.295803 17.925133 1.028040
151 143.559741 192.196362 205.512574 32.126 -0.771427 0.102011 6.559446 1.387612
107 310.481024 270.128728 18.068299 28.860 -0.769058 0.530553 29.997040 1.300417
171 129.787792 304.256009 172.067934 22.741 -0.768660 1.035574 43.988971 1.012275
210 238.354243 282.632076 195.523457 28.555 -0.767071 0.103928 5.801540 1.206561
156 48.990608 216.953122 224.805105 25.375 -0.764961 -0.136368 -6.606991 1.240988
52 92.595524 288.451463 14.397882 21.112 -0.763583 -0.089570 -3.480210 1.141388
18 97.350593 40.889701 134.189589 19.052 -0.762795 -0.052634 -1.808006 1.069463
36 69.554032 157.064107 115.498422 24.709 -0.761692 0.018869 0.885493 1.123589
161 3.049839 276.815550 224.620957 21.546 -0.761562 -0.093105 -3.706975 1.153807
225 282.946915 276.691381 282.646606 29.544 -0.758225 0.426640 24.809897 1.221263
206 225.854212 205.794631 210.043814 30.871 -0.757764 0.002109 0.129251 1.053616
110 273.465650 172.438736 151.759853 25.832 -0.756035 0.286373 14.175082 1.193152
139 144.637453 88.675263 275.697644 23.508 -0.755188 0.280107 12.381987 1.218462
89 302.585454 118.047589 154.556956 21.276 -0.755008 0.177365 6.955614 1.006713
101 216.599409 200.152725 136.827647 23.351 -0.751954 0.286427 12.559508 1.067401
73 303.736218 66.520227 318.748816 24.276 -0.750640 0.109632 5.036752 1.068405
158 129.347553 163.930580 262.827755 27.450 -0.748240 0.291344 15.511717 1.226375
112 308.277223 192.521556 162.262484 19.788 -0.747505 0.105706 3.799980 1.058760
68 223.638821 79.750864 47.872009 21.245 -0.746147 0.051156 2.002641 1.065878
11 79.929373 140.980499 63.215420 29.647 -0.745860 0.082987 4.846156 1.296087
132 78.734299 142.069600 304.766587 28.669 -0.744215 0.764498 42.881422 1.143764
176 152.543641 318.543985 186.999690 23.188 -0.743990 0.212580 9.243699 1.482769
91 227.142434 241.913480 11.407452 21.908 -0.743203 0.845231 34.332003 1.093867
126 25.818902 39.759980 281.057123 23.248 -0.743045 0.443900 19.362053 1.016122
129 51.898199 142.957290 257.596002 21.753 -0.738775 0.322007 12.968121 1.016253
218 225.992706 280.022759 259.754572 24.569 -0.737686 0.342306 15.954108 1.021241
97 205.862833 290.069447 69.183489 16.029 -0.737627 -0.082287 -2.297381 1.132581
137 147.784292 71.726920 176.722372 21.775 -0.737451 -0.267812 -10.798865 1.006068
196 283.155006 29.803879 293.077553 20.959 -0.736382 0.176919 6.814157 1.085034
29 59.466490 228.598354 32.499747 22.505 -0.736219 0.083317 3.495099 1.238549
74 299.350791 93.379281 78.322386 20.302 -0.733344 0.144348 5.351179 1.060877
179 188.051431 56.693093 213.371854 24.932 -0.733153 0.593485 28.151956 1.455061
211 171.726782 280.235662 190.473489 21.016 -0.732015 0.221549 8.561270 1.035909
43 8.577049 286.283025 103.809038 19.998 -0.731597 -0.212264 -7.727670 1.055846
104 273.123366 234.004067 61.363514 25.637 -0.729830 0.570243 27.970296 1.186553
83 214.821898 83.842828 138.371237 27.887 -0.729347 0.208406 11.308017 1.076139
108 302.224685 285.164903 23.255481 20.835 -0.727843 0.337388 12.902423 1.103484
35 316.237237 252.229723 120.057142 20.260 -0.725409 0.181647 6.717479 1.129135
31 68.559944 193.820531 38.186311 29.435 -0.725165 0.541344 31.340860 1.285579
30 66.312260 221.381192 29.132995 23.133 -0.724443 0.465644 20.189413 1.185622
212 245.107553 257.650324 204.567285 19.055 -0.720569 -0.016665 -0.572542 1.079701
220 262.997903 235.582271 260.819898 26.531 -0.718405 0.754105 38.542066 1.085744
109 251.380912 213.986175 95.013182 18.732 -0.718088 -0.041547 -1.398404 1.015510
224 283.994325 259.783028 285.702912 24.838 -0.716779 0.430708 20.338450 1.042547
189 159.764853 20.342186 240.817869 21.786 -0.716316 0.169663 6.845531 1.284652
147 50.343035 215.686150 224.614504 20.046 -0.716065 -0.249245 -9.100394 1.027277
146 43.500709 225.086488 221.853201 15.785 -0.714598 -0.039071 -1.070929 1.095243
181 181.661532 76.925294 210.600325 21.763 -0.710884 0.613354 24.716385 1.263895
195 259.990040 56.540241 295.176897 21.475 -0.706671 0.195818 7.765589 1.005282
142 4.933928 176.900684 199.524331 20.345 -0.705928 0.256654 9.539137 1.062329
42 18.276230 246.197705 87.003270 18.860 -0.702713 0.051677 1.753688 1.081365
190 194.177184 38.483764 258.580283 25.114 -0.701209 0.336235 16.089751 1.152327
133 89.763434 47.579871 232.011030 18.850 -0.695991 0.316650 10.739054 1.093235
25 13.437988 152.275274 16.503088 22.452 -0.691062 0.736635 30.814478 1.056281
165 77.136964 260.239000 259.573745 20.540 -0.685605 0.773897 29.093220 1.286945
204 257.917313 106.019707 275.042536 20.191 -0.683315 0.346997 12.779314 1.221031
70 278.025180 70.250101 25.165451 14.052 -0.679910 0.180483 4.302664 1.268190
203 199.274599 155.037946 298.136503 18.286 -0.677757 -0.175807 -5.748902 1.135388
106 280.687583 285.233664 52.853879 19.477 -0.675798 1.046269 36.903427 1.046468
199 203.624717 127.795598 266.808779 21.069 -0.674956 0.374026 14.497061 1.075346
138 90.521447 86.427829 0.690615 16.056 -0.668177 0.582937 16.306980 1.245817
185 235.508650 145.452704 178.897341 14.978 -0.665301 0.199957 5.145949 1.237292
75 309.758627 125.188425 48.543064 17.241 -0.665225 -0.065753 -2.003459 1.022214
200 150.349260 155.132584 258.583546 22.342 -0.659910 0.536388 22.306431 1.018101
79 221.279886 89.864973 95.664850 18.302 -0.649113 0.685220 22.429965 1.057066
223 262.615044 273.343649 254.970959 17.233 -0.634478 -0.015272 -0.465095 1.114595
202 197.963039 134.407425 317.076703 17.439 -0.629765 0.425313 13.138359 1.087771
170 124.025558 307.327586 229.871507 21.376 -0.624357 0.547845 21.606037 1.253192
167 110.138333 250.252188 163.074450 19.462 -0.620781 0.777369 27.394626 1.044144
24 142.366390 149.303732 169.467774 19.902 -0.617337 0.278700 10.087905 1.000486
188 283.402791 140.257894 167.058122 16.698 -0.615270 0.190775 5.593793 1.012175
155 26.834838 179.455308 316.522961 19.361 -0.615073 0.874803 30.636082 1.123828
201 218.819592 140.297642 278.308378 12.630 -0.610141 0.625811 13.126246 1.045511
48 116.319122 185.066964 14.366090 21.439 -0.608628 1.122495 44.424730 1.266337
198 172.911513 98.079698 279.986841 17.789 -0.601990 0.163864 5.183938 1.294610
12 150.108868 143.121071 38.765804 16.180 -0.599357 0.249253 7.037456 1.008234
2 9.648996 62.821288 4.901781 18.141 -0.592949 0.730538 23.660924 1.148423
39 31.151689 288.557541 74.789916 13.908 -0.588955 0.686128 16.154957 1.023922
131 56.316084 145.652691 283.331733 17.933 -0.575768 1.272155 40.636281 1.108199
47 81.188465 197.948056 10.071200 15.547 -0.569635 2.084492 56.101921 1.125824
140 168.114297 116.589126 303.389017 11.187 -0.544691 0.259894 4.712476 1.100996
172 126.825474 286.572627 263.070282 11.060 -0.479837 0.676321 12.096369 1.084116
69 195.016834 90.119524 67.225541 11.893 -0.479591 0.198354 3.870703 1.002123
153 4.986375 166.087967 249.449600 12.867 -0.445147 1.247412 26.753845 1.047254
