# 31045 non-edge tracers in halo_pos_00, 225 voids
# VoidID CoreParticle CoreDens Zone#Parts Void#Zones Void#Parts VoidVol(Mpc/h^3) VoidDensRatio
1 113 0.072951 385 1 385 556327.916044 1.671215
66 7033 0.073381 680 1 680 689035.730069 1.859592
174 22385 0.078993 531 1 531 654025.320148 1.771563
16 2541 0.085740 234 1 234 390847.774469 1.163647
55 6101 0.098780 242 1 242 415739.949518 1.010031
221 29981 0.102517 959 1 959 1040136.432456 1.769040
13 1745 0.103114 97 1 97 140826.826194 1.221745
119 14507 0.103236 527 1 527 602422.976711 1.774200
17 2673 0.106939 1395 1 1395 1551351.852859 1.877172
5 836 0.109350 246 1 246 250268.568594 1.114926
4 281 0.109355 242 1 242 395169.730649 1.193242
157 19821 0.110310 529 1 529 595743.455552 1.680018
127 15776 0.110350 291 1 291 311809.606339 1.625515
46 5117 0.112567 333 1 333 426923.922822 1.156612
102 11920 0.112732 372 1 372 466281.093174 1.242999
65 6983 0.114306 197 1 197 163584.991181 1.193797
6 839 0.115436 126 1 126 136925.170147 1.151449
118 14456 0.116042 398 1 398 388785.749512 1.333356
28 3452 0.116825 231 1 231 308543.783540 1.287607
90 11062 0.117292 345 1 345 494029.029241 1.190478
49 5567 0.118989 310 1 310 356859.194176 1.173503
100 11691 0.119189 268 1 268 380810.285354 1.396845
187 24380 0.120293 532 1 532 629427.629622 1.491144
96 11373 0.120927 196 1 196 226297.422915 1.326914
191 25131 0.120985 188 1 188 209967.781169 1.794271
44 5079 0.127487 239 1 239 257286.588629 1.421440
87 10403 0.128006 125 1 125 145193.852227 1.685776
136 17667 0.128217 175 1 175 168719.576872 1.565649
216 28967 0.130822 259 1 259 261891.313281 1.193053
63 6763 0.132779 99 1 99 128456.154150 1.055327
57 6286 0.132898 138 1 138 162350.056086 1.349912
60 6585 0.134280 51 1 51 63702.026390 1.132870
175 22405 0.135864 77 1 77 106614.374334 1.536754
84 10079 0.136933 150 1 150 140881.395548 1.028461
0 0 0.137605 235 1 235 227762.457027 1.412527
32 3825 0.138985 67 1 67 101685.516163 1.082311
120 14696 0.140484 95 1 95 146190.772053 1.101373
94 11310 0.141722 68 1 68 88042.565432 1.132213
71 8326 0.141846 204 1 204 227461.006204 1.728270
56 6191 0.143976 104 1 104 145692.998215 1.460095
8 1224 0.144011 313 1 313 352082.106362 1.345229
34 3893 0.145132 318 1 318 292328.135803 1.266172
82 9878 0.145622 294 1 294 339532.210404 1.329465
23 3215 0.147241 141 1 141 173052.721353 1.551446
26 3380 0.147385 145 1 145 121911.103701 1.446484
166 21203 0.149152 209 1 209 272404.305183 1.343087
149 19047 0.150122 173 1 173 181225.880676 1.551083
27 3436 0.151502 50 1 50 76325.986788 1.269008
80 9695 0.152285 189 1 189 191141.987283 1.111666
19 2813 0.152583 129 1 129 128733.856222 1.421286
219 29882 0.153602 223 1 223 283260.967911 1.016118
14 2250 0.155729 109 1 109 156369.381530 1.220278
99 11584 0.156071 117 1 117 130224.961185 1.361842
58 6448 0.156330 42 1 42 64865.525239 1.064986
88 10713 0.156764 141 1 141 152972.782271 2.035743
45 5100 0.157005 277 1 277 371491.802893 1.499151
77 9346 0.158116 236 1 236 251032.222902 1.326376
95 11372 0.158662 154 1 154 174176.723389 1.242672
214 28790 0.158763 161 1 161 168969.413741 1.283491
145 18722 0.159335 138 1 138 174453.369960 1.314268
173 22251 0.159452 87 1 87 86262.042346 1.309411
9 1239 0.159763 125 1 125 134807.414785 1.046276
168 21600 0.159874 359 1 359 240877.995478 1.577676
192 25162 0.160781 374 1 374 307552.457864 1.666150
72 8373 0.161229 235 1 235 282643.183714 1.164662
50 5617 0.161303 211 1 211 146686.857091 1.397149
40 4549 0.161713 158 1 158 170081.594176 1.593359
124 15278 0.162978 190 1 190 233566.651970 1.505329
92 11149 0.164743 195 1 195 212584.788069 1.365088
178 22622 0.166172 321 1 321 278995.480986 1.308223
85 10105 0.167184 230 1 230 207015.019694 1.407511
159 20302 0.168146 102 1 102 99764.284361 1.128776
53 6012 0.168967 63 1 63 96519.360464 1.044415
217 29151 0.169007 51 1 51 61196.163649 1.510219
98 11500 0.169089 123 1 123 110318.440767 1.166047
78 9512 0.169757 238 1 238 202040.447814 1.673663
15 2252 0.170709 102 1 102 109348.119543 1.113198
7 1102 0.173649 62 1 62 76461.956309 1.349853
115 14251 0.174894 199 1 199 226847.232907 1.199134
22 2912 0.176621 240 1 240 272563.896795 1.506810
144 18658 0.176817 162 1 162 156526.334392 1.354557
134 16999 0.176947 158 1 158 155904.117095 1.132119
37 4221 0.177140 158 1 158 194573.945795 1.012765
164 21075 0.177309 59 1 59 75910.214751 1.481868
116 14347 0.177889 216 1 216 204775.354073 1.250151
208 27891 0.177946 187 1 187 193199.262490 1.317452
76 9083 0.179435 116 1 116 145896.709731 1.332770
93 11188 0.180319 22 1 22 33610.880144 1.003304
222 30276 0.180611 216 1 216 210279.364793 1.026090
123 15156 0.180755 147 1 147 184710.508642 1.188340
197 25701 0.187151 104 1 104 119887.498947 1.420882
193 25206 0.187666 31 1 31 34450.477683 1.128528
111 13776 0.187987 157 1 157 194377.095030 1.410598
130 15994 0.192302 172 1 172 141811.818869 1.233177
148 19020 0.193071 168 1 168 186071.153796 1.093027
122 15105 0.194738 61 1 61 81479.708696 1.103009
135 17397 0.194753 160 1 160 160063.737362 1.050887
103 11958 0.194873 43 1 43 49170.302371 1.076343
160 20356 0.194918 219 1 219 186142.294502 1.081408
59 6514 0.194987 205 1 205 189961.410443 1.078117
194 25383 0.195596 66 1 66 79962.364001 1.109835
41 4625 0.195627 60 1 60 62494.660958 1.128184
184 23930 0.196165 323 1 323 310562.744094 1.281157
209 27898 0.197003 166 1 166 176645.115877 1.143852
54 6083 0.197201 23 1 23 25087.558669 1.038203
51 5908 0.197773 55 1 55 60978.836182 1.172360
121 15037 0.198429 83 1 83 94531.706042 1.502004
150 19237 0.199034 134 1 134 130627.634466 1.054844
3 241 0.199097 82 1 82 74228.760903 1.058845
86 10242 0.199925 167 1 167 153542.224564 1.328364
62 6750 0.200321 143 1 143 138859.374044 1.169026
105 12767 0.202264 55 1 55 39555.815468 1.001025
125 15486 0.203117 137 1 137 144210.970552 1.066328
67 7676 0.203610 219 1 219 199056.443537 1.370077
33 3888 0.203630 41 1 41 42559.283167 1.150250
207 27465 0.205179 60 1 60 68743.126440 1.186343
152 19309 0.205543 111 1 111 144298.471509 1.021442
113 13928 0.207184 122 1 122 121293.847254 1.381789
117 14363 0.207459 107 1 107 116461.451235 1.151094
141 18458 0.208922 109 1 109 112439.679278 1.149654
20 2847 0.209300 111 1 111 116743.586407 1.057274
186 24361 0.210421 40 1 40 57110.090627 1.123788
114 14238 0.210712 141 1 141 118534.770043 1.283536
177 22496 0.210777 105 1 105 103709.828102 1.028880
162 20746 0.211518 50 1 50 80527.098764 1.158315
180 23071 0.211626 109 1 109 104965.809868 1.419029
81 9777 0.212871 124 1 124 104977.156494 1.259765
64 6930 0.213615 82 1 82 88183.791343 1.211020
21 2885 0.214005 51 1 51 63907.690581 1.034028
10 1355 0.217279 85 1 85 75749.082109 1.005901
213 28628 0.218004 117 1 117 110465.577478 1.554637
182 23149 0.219189 143 1 143 113131.981781 1.492314
183 23645 0.219197 172 1 172 152165.430259 1.000413
215 28810 0.219217 152 1 152 131188.738309 1.471645
154 19386 0.221170 156 1 156 143542.839001 1.174430
163 20884 0.223611 61 1 61 63442.795570 1.214450
61 6638 0.225151 47 1 47 52868.869649 1.163733
143 18554 0.225407 51 1 51 66982.119550 1.212351
128 15874 0.226681 78 1 78 71054.302191 1.145881
205 26899 0.227092 98 1 98 113266.663592 1.306920
169 21682 0.228041 147 1 147 119739.201185 1.028040
151 19291 0.228573 145 1 145 138880.167396 1.387612
107 13088 0.230942 146 1 146 100684.532662 1.300417
171 21925 0.231340 95 1 95 49260.051543 1.012275
210 27933 0.232929 102 1 102 97525.410366 1.206561
156 19757 0.235039 56 1 56 68441.190087 1.240988
52 5994 0.236417 34 1 34 39417.661062 1.141388
18 2674 0.237205 26 1 26 28967.703625 1.069463
36 4118 0.238308 61 1 61 63193.106471 1.123589
161 20707 0.238438 36 1 36 41899.015092 1.153807
225 30877 0.241775 146 1 146 108018.189441 1.221263
206 27260 0.242236 117 1 117 123233.645302 1.053616
110 13565 0.243965 88 1 88 72206.148319 1.193152
139 18368 0.244812 66 1 66 54419.694807 1.218462
89 10744 0.244992 45 1 45 40342.226358 1.006713
101 11891 0.248046 65 1 65 53331.843649 1.067401
73 8628 0.249360 63 1 63 59926.618707 1.068405
158 20110 0.251760 106 1 106 86640.724110 1.226375
112 13781 0.252495 34 1 34 32456.205276 1.058760
68 8000 0.253853 40 1 40 40165.303434 1.065878
11 1547 0.254140 112 1 112 109157.285128 1.296087
132 16252 0.255785 165 1 165 98700.899695 1.143764
176 22457 0.256010 60 1 60 52227.505580 1.482769
91 11105 0.256797 77 1 77 44045.173960 1.093867
126 15555 0.256955 72 1 72 52632.448186 1.016122
129 15926 0.261225 54 1 54 43114.001234 1.016253
218 29448 0.262314 79 1 79 62120.348964 1.021241
97 11462 0.262373 15 1 15 17252.127706 1.132581
137 17738 0.262549 30 1 30 43247.120904 1.006068
196 25671 0.263618 43 1 43 38563.814272 1.085034
29 3639 0.263781 49 1 49 47741.788562 1.238549
74 8942 0.266656 38 1 38 35049.642859 1.060877
179 22654 0.266847 98 1 98 64913.719373 1.455061
211 28047 0.267985 45 1 45 38883.008052 1.035909
43 4812 0.268403 25 1 25 33497.909971 1.055846
104 12651 0.270170 105 1 105 70579.823240 1.186553
83 9908 0.270653 104 1 104 90840.326721 1.076139
108 13144 0.272157 48 1 48 37882.795065 1.103484
35 3968 0.274591 39 1 39 34836.558503 1.129135
31 3737 0.274835 156 1 156 106827.585350 1.285579
30 3646 0.275557 72 1 72 51851.599781 1.185622
212 28343 0.279431 27 1 27 28981.467346 1.079701
220 29928 0.281595 130 1 130 78225.063643 1.085744
109 13507 0.281912 25 1 25 27531.336895 1.015510
224 30581 0.283221 87 1 87 64183.978282 1.042547
189 24715 0.283684 48 1 48 43315.042335 1.284652
147 18844 0.283935 24 1 24 33742.047139 1.027277
146 18748 0.285402 15 1 15 16476.240152 1.095243
181 23142 0.289116 66 1 66 43178.988374 1.263895
195 25460 0.293329 47 1 47 41484.984630 1.005282
142 18481 0.294072 42 1 42 35277.018686 1.062329
42 4785 0.297287 28 1 28 28101.792469 1.081365
190 24731 0.298791 84 1 84 66352.102107 1.152327
133 16649 0.304009 35 1 35 28057.957551 1.093235
25 3332 0.308938 78 1 78 47407.195037 1.056281
165 21173 0.314395 61 1 61 36296.072349 1.286945
204 26395 0.316685 44 1 44 34478.195115 1.221031
70 8321 0.320090 13 1 13 11623.631307 1.268190
203 26220 0.322243 20 1 20 25612.944389 1.135388
106 13021 0.324202 60 1 60 30949.014491 1.046468
199 25874 0.325044 51 1 51 39177.207589 1.075346
138 18132 0.331823 26 1 26 17336.757703 1.245817
185 24325 0.334699 16 1 16 14073.848084 1.237292
75 8972 0.334775 19 1 19 21465.958458 1.022214
200 26049 0.340090 68 1 68 46716.074694 1.018101
79 9655 0.350887 41 1 41 25679.440894 1.057066
223 30453 0.365522 20 1 20 21437.407181 1.114595
202 26186 0.370235 30 1 30 22216.176250 1.087771
170 21878 0.375643 60 1 60 40914.951257 1.253192
167 21412 0.379219 52 1 52 30880.480871 1.044144
24 3312 0.382663 40 1 40 33017.921309 1.000486
188 24497 0.384730 22 1 22 19500.743968 1.012175
155 19529 0.384927 54 1 54 30401.600484 1.123828
201 26106 0.389859 13 1 13 8439.787088 1.045511
48 5217 0.391372 83 1 83 41275.256764 1.266337
198 25819 0.398010 26 1 26 23579.217389 1.294610
12 1625 0.400643 21 1 21 17743.009129 1.008234
2 188 0.407051 41 1 41 25006.971238 1.148423
39 4492 0.411045 18 1 18 11267.832785 1.023922
131 16214 0.424232 52 1 52 24155.921523 1.108199
47 5192 0.430365 46 1 46 15740.999906 1.125824
140 18389 0.455309 7 1 7 5864.384835 1.100996
172 22177 0.520163 9 1 9 5666.873327 1.084116
69 8017 0.520409 8 1 8 7046.334881 1.002123
153 19355 0.554853 19 1 19 8923.375005 1.047254
