# 225 voids from halo_pos_00
# VoidID XYZ[3](Mpc/h) R_eff(Mpc/h) delta_min delta_avg lambda_v DensRatio
1 10.815285 43.510788 81.752284 51.021 -0.927049 -0.269554 -30.195530 1.671215
66 182.554010 69.296460 6.801953 54.792 -0.926619 0.041659 5.083540 1.859592
174 156.755862 270.047450 284.944545 53.848 -0.921007 -0.143045 -17.095176 1.771563
16 108.428154 1.482416 100.941372 45.357 -0.914260 -0.368074 -35.801588 1.163647
55 129.129729 308.684916 43.013195 46.300 -0.901220 -0.385599 -38.444056 1.010031
221 271.146575 157.151647 28.767068 62.854 -0.897483 -0.026835 -3.860996 1.769040
13 47.920702 86.021441 83.275239 32.275 -0.896886 -0.272983 -17.651202 1.221745
119 28.330702 67.255416 212.699827 52.393 -0.896764 -0.076648 -8.863904 1.774200
17 105.210399 83.102139 202.397397 71.814 -0.893061 -0.050878 -8.589686 1.877172
5 31.925172 102.637591 33.205587 39.094 -0.890650 0.037498 3.051631 1.114926
4 68.244326 28.999847 38.953299 45.523 -0.890645 -0.353617 -34.547068 1.193242
157 18.276460 228.468635 286.018764 52.198 -0.889690 -0.062752 -7.224608 1.680018
127 314.970070 104.092756 275.563930 42.066 -0.889650 -0.014942 -1.327800 1.625515
46 56.859930 297.376525 114.815706 46.711 -0.887433 -0.176712 -17.806131 1.156612
102 193.444418 280.731283 106.826420 48.105 -0.887268 -0.157920 -16.483932 1.242999
65 190.550650 18.905545 36.349671 33.927 -0.885694 0.271104 18.612197 1.193797
6 30.344414 116.515790 91.567259 31.974 -0.884564 -0.028718 -1.836162 1.151449
118 3.040026 316.769465 184.872610 45.277 -0.883958 0.080515 7.814980 1.333356
28 24.973184 175.620977 76.368921 41.919 -0.883175 -0.209770 -18.562433 1.287607
90 187.017885 192.322924 45.689175 49.040 -0.882708 -0.262903 -28.084099 1.190478
49 156.574399 216.726008 6.911798 44.002 -0.881011 -0.083098 -7.793844 1.173503
100 206.746617 177.940952 119.853255 44.965 -0.880811 -0.257179 -24.756140 1.396845
187 266.093981 140.663125 217.767736 53.164 -0.879707 -0.107878 -12.696296 1.491144
96 211.841790 282.013089 4.714026 37.803 -0.879073 -0.085814 -6.708002 1.326914
191 218.149537 58.341134 270.601142 36.871 -0.879015 -0.054931 -4.167196 1.794271
44 74.931126 244.127601 90.682691 39.456 -0.872513 -0.019519 -1.606187 1.421440
87 308.417808 79.608598 129.596252 32.605 -0.871994 -0.091301 -5.976118 1.685776
136 124.720057 149.140170 232.535626 34.279 -0.871783 0.094790 6.588597 1.565649
216 223.264598 196.137414 251.439272 39.690 -0.869178 0.043847 3.633753 1.193053
63 150.874896 256.398210 93.108052 31.301 -0.867221 -0.186536 -11.625939 1.055327
57 92.061153 188.963302 150.009060 33.842 -0.867102 -0.102809 -7.036806 1.349912
60 118.268895 249.507956 84.670361 24.775 -0.865720 -0.154964 -7.295529 1.132870
175 125.550093 315.576831 299.679784 29.415 -0.864136 -0.237687 -13.749786 1.536754
84 311.057535 7.239355 99.458323 32.279 -0.863067 0.123818 8.007370 1.028461
0 319.340423 318.727181 19.821808 37.885 -0.862395 0.089040 6.978207 1.412527
32 14.985908 167.159084 114.366458 28.955 -0.861015 -0.304537 -17.286551 1.082311
120 20.174783 8.500450 232.501809 32.680 -0.859516 -0.314098 -20.615714 1.101373
94 189.077984 303.712955 49.360621 27.597 -0.858278 -0.184781 -9.901434 1.132213
71 242.463921 69.889025 40.624110 37.868 -0.858154 -0.053367 -4.180247 1.728270
56 115.684574 185.160322 98.545984 32.642 -0.856024 -0.246553 -16.160324 1.460095
8 95.016995 114.114412 14.282612 43.804 -0.855989 -0.061663 -5.752414 1.345229
34 315.296071 234.989144 80.449470 41.171 -0.854868 0.148193 12.833326 1.266172
82 207.738490 125.266551 153.102832 43.278 -0.854378 -0.086045 -7.911232 1.329465
23 124.202259 131.605152 105.215887 34.570 -0.852759 -0.139999 -9.830177 1.551446
26 12.799197 209.299338 15.014536 30.760 -0.852615 0.255403 15.588618 1.446484
166 64.092185 306.556888 283.976717 40.214 -0.850848 -0.190176 -16.010537 1.343087
149 153.902527 198.082344 152.838116 35.106 -0.849878 0.007591 0.542918 1.551083
27 319.261014 193.817270 40.031840 26.314 -0.848498 -0.308558 -15.616011 1.269008
80 178.566997 128.687993 89.448243 35.735 -0.847715 0.043672 3.190865 1.111666
19 160.905045 26.604726 149.205172 31.323 -0.847417 0.057682 3.598181 1.421286
219 251.247550 189.729502 269.245685 40.741 -0.846398 -0.169047 -14.455956 1.016118
14 312.585170 125.093753 136.080671 33.421 -0.844271 -0.264245 -17.816902 1.220278
99 192.754929 196.299544 163.272415 31.444 -0.843929 -0.051691 -3.239342 1.361842
58 156.796650 201.307610 94.929473 24.925 -0.843670 -0.316571 -15.012078 1.064986
88 267.757375 110.530488 128.557105 33.177 -0.843236 -0.027111 -1.811989 2.035743
45 47.526741 255.063198 173.934552 44.595 -0.842995 -0.212974 -20.298866 1.499151
77 237.104350 317.147981 157.620378 39.133 -0.841884 -0.007705 -0.627804 1.326376
95 251.150290 279.031846 34.974635 34.644 -0.841338 -0.066769 -4.700440 1.242672
214 280.940108 306.338359 234.429792 34.296 -0.841237 0.005718 0.397665 1.283491
145 1.630381 214.245348 202.735589 34.663 -0.840665 -0.165055 -11.626900 1.314268
173 97.588689 270.887054 293.307045 27.410 -0.840548 0.064530 3.429671 1.309411
9 125.605698 82.003787 9.278436 31.808 -0.840237 -0.021289 -1.352727 1.046276
168 88.585870 289.806406 198.400161 38.598 -0.840126 0.573097 45.931614 1.577676
192 249.079716 317.179339 286.298060 41.874 -0.839219 0.283544 25.058353 1.666150
72 282.083178 38.147323 33.856770 40.711 -0.838771 -0.122418 -10.459367 1.164662
50 127.978588 168.267747 55.175694 32.717 -0.838697 0.518272 34.062669 1.397149
40 26.114680 285.651483 30.624641 34.371 -0.838287 -0.019476 -1.358099 1.593359
124 3.160743 25.759717 273.043418 38.204 -0.837022 -0.141380 -11.192224 1.505329
92 235.154916 233.145310 42.653251 37.024 -0.835257 -0.031810 -2.425160 1.365088
178 179.171559 319.015957 224.434465 40.536 -0.833828 0.214412 18.224387 1.308223
85 240.019405 44.772174 90.321846 36.698 -0.832816 0.172693 13.026864 1.407511
159 156.261767 168.840497 305.914935 28.771 -0.831854 0.079154 4.458885 1.128776
53 106.072523 0.176554 14.883121 28.456 -0.831033 -0.311055 -17.292106 1.044415
217 211.151251 177.475988 311.964383 24.446 -0.830993 -0.120361 -5.576241 1.510219
98 242.664386 2.365618 52.792258 29.752 -0.830911 0.176834 10.370285 1.166047
78 243.984326 61.115304 150.775323 36.401 -0.830243 0.243360 18.179806 1.673663
15 33.186078 132.541333 137.290846 29.665 -0.829291 -0.015429 -0.901619 1.113198
7 313.453454 130.111123 65.671354 26.330 -0.826351 -0.144136 -7.299895 1.349853
115 236.665185 304.269025 126.034349 37.834 -0.825106 -0.074071 -5.795686 1.199134
22 100.232874 98.037192 86.997273 40.222 -0.823379 -0.070603 -5.945319 1.506810
144 76.615920 171.131685 222.405484 33.432 -0.823183 0.092411 6.233360 1.354557
134 102.579445 1.500626 257.083302 33.388 -0.823053 0.069690 4.693265 1.132119
37 56.676421 205.825164 127.025373 35.947 -0.822860 -0.142902 -10.515655 1.012765
164 22.985951 279.215588 298.314134 26.267 -0.822691 -0.179629 -9.071145 1.481868
116 306.063892 263.000543 146.435984 36.565 -0.822111 0.113356 8.513770 1.250151
208 183.827701 258.286238 214.635806 35.862 -0.822054 0.021632 1.587286 1.317452
76 172.521829 77.502721 98.629187 32.658 -0.820565 -0.160790 -10.544854 1.332770
93 160.538087 276.607383 17.047825 20.020 -0.819681 -0.309123 -11.269047 1.003304
222 292.980868 247.573837 224.900100 36.889 -0.819389 0.084215 6.392502 1.026090
123 19.583000 121.477590 202.946945 35.329 -0.819245 -0.159991 -11.530702 1.188340
197 275.504653 57.928264 288.787837 30.589 -0.812849 -0.084375 -5.115510 1.420882
193 220.292065 47.334459 309.271605 20.185 -0.812334 -0.050216 -1.848788 1.128528
111 277.892961 193.811378 121.410357 35.935 -0.812013 -0.147464 -10.846961 1.410598
130 4.142704 113.212773 317.152753 32.350 -0.807698 0.280190 18.167779 1.233177
148 103.126612 154.878299 168.861317 35.416 -0.806929 -0.047010 -3.398000 1.093027
122 53.715914 135.536829 191.243499 26.894 -0.805262 -0.209797 -10.898925 1.103009
135 122.022571 44.530153 276.510638 33.682 -0.805247 0.055080 3.748638 1.050887
103 176.158793 3.965611 80.966675 22.727 -0.805127 -0.076953 -3.266407 1.076343
160 108.327218 204.133768 275.973446 35.420 -0.805082 0.241816 17.481857 1.081408
59 139.099601 237.487105 133.791119 35.661 -0.805013 0.139060 10.135224 1.078117
194 254.950933 68.649856 256.039175 26.726 -0.804404 -0.128803 -6.641151 1.109835
41 68.300339 287.775039 33.918727 24.618 -0.804373 0.013367 0.624491 1.128184
184 254.280715 34.429990 211.556646 42.010 -0.803835 0.097770 8.674215 1.281157
209 224.153816 256.543420 166.959935 34.807 -0.802997 -0.008107 -0.573964 1.143852
54 127.761883 234.977285 54.019268 18.160 -0.802799 -0.032329 -1.048433 1.038203
51 96.882284 251.819937 7.777779 24.417 -0.802227 -0.047989 -2.220140 1.172360
121 310.882962 157.059594 164.549955 28.259 -0.801571 -0.073258 -4.038782 1.502004
150 94.730188 221.420382 202.392899 31.476 -0.800966 0.082749 5.192107 1.054844
3 72.077811 63.805224 318.388487 26.071 -0.800903 0.166004 8.308281 1.058845
86 287.591396 40.524665 166.457729 33.218 -0.800075 0.148013 9.907302 1.328364
62 129.615445 316.024673 163.995132 32.124 -0.799679 0.086974 5.592226 1.169026
105 315.975386 233.000405 50.845012 21.137 -0.797736 0.467610 18.194180 1.001025
125 57.812513 53.505460 256.190628 32.531 -0.796883 0.002722 0.177698 1.066328
67 206.484531 129.248571 32.400274 36.221 -0.796390 0.161251 11.974526 1.370077
33 79.223528 185.916658 90.187609 21.659 -0.796370 0.016829 0.674237 1.150250
207 292.669906 179.959499 208.877674 25.412 -0.794821 -0.078744 -3.821863 1.186343
152 114.346374 220.558886 229.370282 32.538 -0.794457 -0.188068 -12.279608 1.021442
113 258.831146 263.467465 97.038612 30.708 -0.792816 0.061645 3.754887 1.381789
117 301.625778 312.058348 122.966897 30.295 -0.792541 -0.030249 -1.812820 1.151094
141 7.120741 199.859589 159.382976 29.942 -0.791078 0.023211 1.371589 1.149654
20 147.674116 46.933484 94.485191 30.319 -0.790700 0.003571 0.214214 1.057274
186 279.257739 80.467406 231.118842 23.890 -0.789579 -0.260726 -11.749896 1.123788
114 270.608342 245.240583 149.301780 30.473 -0.789288 0.255543 15.422910 1.283536
177 181.763339 54.406482 160.181598 29.146 -0.789223 0.068631 3.926552 1.028880
162 40.406388 278.438716 232.134241 26.789 -0.788482 -0.344630 -17.819482 1.158315
180 227.408596 71.048032 218.914912 29.263 -0.788374 0.096066 5.522752 1.419029
81 178.948920 99.901847 151.279809 29.264 -0.787129 0.246767 14.186944 1.259765
64 149.951483 289.944075 149.501634 27.612 -0.786385 -0.018516 -0.992797 1.211020
21 141.662730 67.771832 133.777247 24.802 -0.785995 -0.157684 -7.433136 1.034028
10 136.261973 141.655777 10.916578 26.248 -0.782721 0.184404 9.304341 1.005901
213 242.405158 243.032036 235.131972 29.765 -0.781996 0.117937 6.919974 1.554637
182 173.525415 123.003929 201.521050 30.003 -0.780811 0.334163 19.795076 1.492314
183 200.044557 131.872483 238.403843 33.119 -0.780803 0.193083 12.877628 1.000413
215 167.661303 203.281241 254.795930 31.521 -0.780783 0.222941 14.012404 1.471645
154 45.902392 182.094705 258.451817 32.481 -0.778830 0.147100 9.584493 1.174430
163 71.203044 272.500774 240.769237 24.742 -0.776389 0.014859 0.698415 1.214450
61 102.473487 241.452735 156.733205 23.283 -0.774849 -0.061669 -2.694705 1.163733
143 36.612920 171.758421 187.109594 25.194 -0.774593 -0.196345 -9.431231 1.212351
128 38.291858 141.482945 264.885314 25.694 -0.773319 0.158677 7.803971 1.145881
205 186.028544 182.225525 209.059069 30.015 -0.772908 -0.086766 -5.142253 1.306920
169 143.754716 253.401761 205.197022 30.576 -0.771959 0.295803 17.925134 1.028040
151 149.157831 187.657607 205.933016 32.126 -0.771427 0.102011 6.559447 1.387612
107 302.859405 255.836227 12.796168 28.860 -0.769058 0.530553 29.997040 1.300417
171 125.405510 307.248551 193.957693 22.741 -0.768660 1.035574 43.988972 1.012275
210 234.025368 284.803018 204.288731 28.555 -0.767071 0.103928 5.801540 1.206561
156 53.390968 219.346672 238.530403 25.375 -0.764961 -0.136368 -6.606991 1.240988
52 82.577506 270.315857 21.224951 21.112 -0.763583 -0.089570 -3.480210 1.141388
18 112.435100 42.842084 130.265948 19.052 -0.762795 -0.052634 -1.808006 1.069463
36 73.481604 152.938451 121.105852 24.709 -0.761692 0.018869 0.885493 1.123589
161 5.096820 270.004897 227.158387 21.546 -0.761562 -0.093105 -3.706975 1.153807
225 274.337969 283.911163 279.156825 29.544 -0.758225 0.426640 24.809892 1.221263
206 233.432388 210.177656 196.062482 30.871 -0.757764 0.002109 0.129251 1.053616
110 263.445966 164.031900 152.434390 25.832 -0.756035 0.286373 14.175082 1.193152
139 150.226308 93.057985 287.469782 23.508 -0.755188 0.280107 12.381987 1.218462
89 283.076337 116.621653 162.147589 21.276 -0.755008 0.177365 6.955613 1.006713
101 220.578224 211.318513 142.163087 23.351 -0.751954 0.286427 12.559508 1.067401
73 285.576586 80.495669 5.074542 24.276 -0.750640 0.109632 5.036752 1.068405
158 131.751001 162.077536 275.635842 27.450 -0.748240 0.291344 15.511717 1.226375
112 292.105419 192.200059 164.659022 19.788 -0.747505 0.105706 3.799980 1.058760
68 213.576363 80.676688 58.701702 21.245 -0.746147 0.051156 2.002641 1.065878
11 82.881030 147.753428 53.781484 29.648 -0.745860 0.082987 4.846157 1.296087
132 81.423604 152.187322 296.463104 28.669 -0.744215 0.764498 42.881422 1.143764
176 165.656832 6.575071 188.570401 23.188 -0.743990 0.212580 9.243699 1.482769
91 230.668183 232.790311 0.446782 21.908 -0.743203 0.845231 34.332003 1.093867
126 38.523574 47.655195 291.604578 23.248 -0.743045 0.443900 19.362053 1.016122
129 67.352331 140.835201 266.176940 21.753 -0.738775 0.322007 12.968121 1.016253
218 218.542687 270.154953 256.946663 24.569 -0.737686 0.342306 15.954107 1.021241
97 216.389353 276.860471 69.145578 16.029 -0.737627 -0.082287 -2.297381 1.132581
137 161.846615 88.623834 178.165915 21.775 -0.737451 -0.267812 -10.798864 1.006068
196 294.477761 9.526406 283.872614 20.959 -0.736382 0.176919 6.814157 1.085034
29 53.208601 237.397053 29.686072 22.505 -0.736219 0.083317 3.495099 1.238549
74 284.779151 90.743113 83.885724 20.302 -0.733344 0.144348 5.351179 1.060877
179 186.085446 50.493507 211.309400 24.932 -0.733153 0.593485 28.151956 1.455061
211 177.553304 284.795659 175.905828 21.016 -0.732015 0.221549 8.561270 1.035909
43 7.794228 276.547912 99.990504 19.998 -0.731597 -0.212264 -7.727670 1.055846
104 268.662209 240.224446 54.836838 25.637 -0.729830 0.570243 27.970297 1.186553
83 210.648728 72.505003 114.801033 27.887 -0.729347 0.208406 11.308018 1.076139
108 289.613728 277.432258 35.092405 20.835 -0.727843 0.337388 12.902423 1.103484
35 8.485746 234.943644 121.912298 20.260 -0.725409 0.181647 6.717479 1.129135
31 68.516900 188.139614 41.658933 29.435 -0.725165 0.541344 31.340860 1.285579
30 63.267817 195.703797 10.824970 23.133 -0.724443 0.465644 20.189414 1.185622
212 251.404042 244.515651 197.099024 19.055 -0.720569 -0.016665 -0.572542 1.079701
220 260.807941 234.680313 287.083030 26.531 -0.718405 0.754105 38.542066 1.085744
109 251.327565 217.376350 87.056450 18.732 -0.718088 -0.041547 -1.398404 1.015510
224 274.351933 268.993655 300.887883 24.838 -0.716779 0.430708 20.338449 1.042547
189 146.774259 23.614502 250.043855 21.786 -0.716316 0.169663 6.845531 1.284652
147 60.443483 215.480782 210.219681 20.046 -0.716065 -0.249245 -9.100394 1.027277
146 37.276798 240.215038 225.135754 15.785 -0.714598 -0.039071 -1.070929 1.095243
181 194.024927 86.184067 203.179722 21.763 -0.710884 0.613354 24.716385 1.263895
195 248.740642 49.768831 316.069773 21.475 -0.706671 0.195818 7.765588 1.005282
142 7.864695 166.671811 206.390475 20.345 -0.705928 0.256654 9.539137 1.062329
42 24.676452 251.367437 95.623677 18.860 -0.702713 0.051677 1.753689 1.081365
190 187.763985 39.755490 259.744093 25.114 -0.701209 0.336235 16.089752 1.152327
133 89.118369 30.413349 224.838737 18.850 -0.695991 0.316650 10.739054 1.093235
25 26.303964 156.872228 24.080599 22.452 -0.691062 0.736635 30.814478 1.056281
165 80.230927 251.291310 271.454306 20.540 -0.685605 0.773897 29.093220 1.286945
204 257.482331 113.077707 281.204504 20.191 -0.683315 0.346997 12.779313 1.221031
70 265.644225 73.094007 15.174957 14.052 -0.679910 0.180483 4.302664 1.268190
203 192.007915 145.843516 301.210955 18.286 -0.677757 -0.175807 -5.748901 1.135388
106 284.335274 283.899056 66.630514 19.477 -0.675798 1.046269 36.903425 1.046468
199 208.527875 113.905267 266.317060 21.069 -0.674956 0.374026 14.497061 1.075346
138 91.266758 84.018957 303.286680 16.056 -0.668177 0.582937 16.306981 1.245817
185 242.815315 138.805177 180.260295 14.978 -0.665301 0.199957 5.145948 1.237292
75 312.114464 134.714308 35.684147 17.241 -0.665225 -0.065753 -2.003459 1.022214
200 167.721798 143.835371 265.937127 22.342 -0.659910 0.536388 22.306430 1.018101
79 227.345507 98.224937 94.549558 18.302 -0.649113 0.685220 22.429966 1.057066
223 261.614997 280.147526 254.203989 17.233 -0.634478 -0.015272 -0.465095 1.114595
202 186.174864 131.263176 307.507876 17.439 -0.629765 0.425313 13.138358 1.087771
170 123.495935 296.518222 227.468782 21.376 -0.624357 0.547845 21.606037 1.253192
167 126.282700 249.920807 167.769765 19.462 -0.620781 0.777369 27.394626 1.044144
24 148.017268 142.400571 152.281938 19.902 -0.617337 0.278700 10.087905 1.000486
188 278.759215 129.619489 181.550829 16.698 -0.615270 0.190775 5.593793 1.012175
155 41.837406 174.648855 311.839092 19.361 -0.615073 0.874803 30.636082 1.123828
201 229.726418 131.093471 271.934355 12.630 -0.610141 0.625811 13.126246 1.045511
48 106.802844 179.620473 13.636846 21.439 -0.608628 1.122495 44.424728 1.266337
198 177.470178 103.479457 275.554352 17.789 -0.601990 0.163864 5.183938 1.294610
12 151.651027 128.596059 47.668489 16.180 -0.599357 0.249253 7.037456 1.008234
2 20.448021 71.358209 5.710524 18.141 -0.592949 0.730538 23.660923 1.148423
39 14.221968 290.757162 77.151706 13.908 -0.588955 0.686128 16.154955 1.023922
131 50.609461 151.501285 296.519854 17.933 -0.575768 1.272155 40.636285 1.108199
47 87.355612 196.765804 0.419802 15.547 -0.569635 2.084492 56.101928 1.125824
140 153.014291 111.941435 304.450118 11.187 -0.544691 0.259894 4.712475 1.100996
172 119.175548 278.911283 257.116379 11.060 -0.479837 0.676321 12.096369 1.084116
69 200.020976 95.174904 68.277547 11.893 -0.479591 0.198354 3.870703 1.002123
153 0.913570 162.703383 264.757347 12.867 -0.445147 1.247412 26.753844 1.047254
