31045 particles, 226 vloidsters
Zone# edgeflag CoreParticle CoreDens ZoneVol Zone#Part Void#Zones VoidVol Void#Part VoidDensContrast VoidProb
0 0 0 1.376054e-01 2.157863e+02 235 1 2.157863e+02 235 1.412527 1.13e-01
1 0 113 7.295099e-02 5.270752e+02 385 226 3.104500e+04 31045 65698.919505 0.00e+00
2 0 188 4.070508e-01 2.369206e+01 41 1 2.369206e+01 41 1.148423 4.66e-01
3 0 241 1.990965e-01 7.032568e+01 82 1 7.032568e+01 82 1.058845 7.40e-01
4 0 281 1.093550e-01 3.743910e+02 242 1 3.743910e+02 242 1.193242 3.69e-01
5 0 836 1.093496e-01 2.371090e+02 246 1 2.371090e+02 246 1.114926 5.54e-01
6 0 839 1.154363e-01 1.297254e+02 126 1 1.297254e+02 126 1.151449 4.59e-01
7 0 1102 1.736494e-01 7.244145e+01 62 1 7.244145e+01 62 1.349853 1.60e-01
8 0 1224 1.440106e-01 3.335690e+02 313 1 3.335690e+02 313 1.345229 1.64e-01
9 0 1239 1.597633e-01 1.277190e+02 125 1 1.277190e+02 125 1.046276 7.89e-01
10 0 1355 2.172785e-01 7.176606e+01 85 1 7.176606e+01 85 1.005901 9.70e-01
11 0 1547 2.541396e-01 1.034176e+02 112 1 1.034176e+02 112 1.296087 2.14e-01
12 0 1625 4.006426e-01 1.681005e+01 21 1 1.681005e+01 21 1.008234 9.59e-01
13 0 1745 1.031140e-01 1.334219e+02 97 1 1.334219e+02 97 1.221745 3.18e-01
14 0 2250 1.557293e-01 1.481472e+02 109 2 2.517456e+02 211 1.385665 1.31e-01
15 0 2252 1.707092e-01 1.035984e+02 102 1 1.035984e+02 102 1.113198 5.59e-01
16 0 2541 8.573979e-02 3.702963e+02 234 4 1.229004e+03 860 1.998728 2.71e-03
17 0 2673 1.069392e-01 1.469779e+03 1395 3 1.781275e+03 1730 2.041628 1.97e-03
18 0 2674 2.372047e-01 2.744453e+01 26 1 2.744453e+01 26 1.069463 7.00e-01
19 0 2813 1.525829e-01 1.219648e+02 129 2 2.202214e+02 234 1.728936 1.72e-02
20 0 2847 2.092996e-01 1.106050e+02 111 2 1.711523e+02 162 1.142599 4.80e-01
21 0 2885 2.140049e-01 6.054731e+01 51 1 6.054731e+01 51 1.034028 8.40e-01
22 0 2912 1.766209e-01 2.582320e+02 240 1 2.582320e+02 240 1.506810 6.63e-02
23 0 3215 1.472409e-01 1.639533e+02 141 1 1.639533e+02 141 1.551446 5.11e-02
24 0 3312 3.826626e-01 3.128178e+01 40 1 3.128178e+01 40 1.000486 9.98e-01
25 0 3332 3.089381e-01 4.491444e+01 78 1 4.491444e+01 78 1.056281 7.49e-01
26 0 3380 1.473851e-01 1.155008e+02 145 1 1.155008e+02 145 1.446484 9.35e-02
27 0 3436 1.515022e-01 7.231263e+01 50 1 7.231263e+01 50 1.269008 2.47e-01
28 0 3452 1.168249e-01 2.923200e+02 231 6 8.909050e+02 866 1.860960 7.20e-03
29 0 3639 2.637812e-01 4.523144e+01 49 3 1.955670e+02 277 1.342004 1.67e-01
30 0 3646 2.755566e-01 4.912515e+01 72 1 4.912515e+01 72 1.185622 3.84e-01
31 0 3737 2.748348e-01 1.012104e+02 156 1 1.012104e+02 156 1.285579 2.26e-01
32 0 3825 1.389846e-01 9.633871e+01 67 1 9.633871e+01 67 1.082311 6.56e-01
33 0 3888 2.036303e-01 4.032144e+01 41 1 4.032144e+01 41 1.150250 4.62e-01
34 0 3893 1.451317e-01 2.769570e+02 318 1 2.769570e+02 318 1.266172 2.51e-01
35 0 3968 2.745906e-01 3.300479e+01 39 1 3.300479e+01 39 1.129135 5.15e-01
36 0 4118 2.383077e-01 5.987030e+01 61 1 5.987030e+01 61 1.123589 5.30e-01
37 0 4221 1.771400e-01 1.843429e+02 158 1 1.843429e+02 158 1.012765 9.37e-01
38 0 4284 7.667257e-01 2.141018e+00 4 1 2.141018e+00 4 1.002545 9.87e-01
39 0 4492 4.110454e-01 1.067535e+01 18 1 1.067535e+01 18 1.023922 8.85e-01
40 0 4549 1.617131e-01 1.611384e+02 158 1 1.611384e+02 158 1.593359 3.98e-02
41 0 4625 1.956272e-01 5.920858e+01 60 1 5.920858e+01 60 1.128184 5.17e-01
42 0 4785 2.972875e-01 2.662415e+01 28 1 2.662415e+01 28 1.081365 6.59e-01
43 0 4812 2.684028e-01 3.173653e+01 25 1 3.173653e+01 25 1.055846 7.51e-01
44 0 5079 1.274872e-01 2.437580e+02 239 1 2.437580e+02 239 1.421440 1.08e-01
45 0 5100 1.570051e-01 3.519581e+02 277 1 3.519581e+02 277 1.499151 6.93e-02
46 0 5117 1.125673e-01 4.044755e+02 333 1 4.044755e+02 333 1.156612 4.47e-01
47 0 5192 4.303650e-01 1.491331e+01 46 1 1.491331e+01 46 1.125824 5.24e-01
48 0 5217 3.913722e-01 3.910493e+01 83 1 3.910493e+01 83 1.266337 2.51e-01
49 0 5567 1.189889e-01 3.380949e+02 310 1 3.380949e+02 310 1.173503 4.09e-01
50 0 5617 1.613032e-01 1.389738e+02 211 1 1.389738e+02 211 1.397149 1.23e-01
51 0 5908 1.977733e-01 5.777246e+01 55 1 5.777246e+01 55 1.172360 4.11e-01
52 0 5994 2.364171e-01 3.734501e+01 34 1 3.734501e+01 34 1.141388 4.83e-01
53 0 6012 1.689666e-01 9.144420e+01 63 1 9.144420e+01 63 1.044415 7.96e-01
54 0 6083 1.972014e-01 2.376841e+01 23 1 2.376841e+01 23 1.038203 8.22e-01
55 0 6101 9.878001e-02 3.938796e+02 242 1 3.938796e+02 242 1.010031 9.50e-01
56 0 6191 1.439761e-01 1.380322e+02 104 4 6.209323e+02 661 1.664307 2.58e-02
57 0 6286 1.328984e-01 1.538134e+02 138 4 5.547650e+02 505 1.785469 1.19e-02
58 0 6448 1.563297e-01 6.145478e+01 42 1 6.145478e+01 42 1.064986 7.17e-01
59 0 6514 1.949870e-01 1.799729e+02 205 1 1.799729e+02 205 1.078117 6.70e-01
60 0 6585 1.342799e-01 6.035246e+01 51 1 6.035246e+01 51 1.132870 5.05e-01
61 0 6638 2.251513e-01 5.008893e+01 47 1 5.008893e+01 47 1.163733 4.30e-01
62 0 6750 2.003206e-01 1.315579e+02 143 3 2.617747e+02 320 1.691660 2.18e-02
63 0 6763 1.327791e-01 1.217017e+02 99 1 1.217017e+02 99 1.055327 7.53e-01
64 0 6930 2.136152e-01 8.354693e+01 82 1 8.354693e+01 82 1.211020 3.36e-01
65 0 6983 1.143063e-01 1.549834e+02 197 1 1.549834e+02 197 1.193797 3.68e-01
66 0 7033 7.338093e-02 6.528050e+02 680 3 9.355075e+02 1002 2.384765 1.14e-04
67 0 7676 2.036098e-01 1.885897e+02 219 1 1.885897e+02 219 1.370077 1.43e-01
68 0 8000 2.538530e-01 3.805334e+01 40 1 3.805334e+01 40 1.065878 7.13e-01
69 0 8017 5.204094e-01 6.675826e+00 8 1 6.675826e+00 8 1.002123 9.89e-01
70 0 8321 3.200902e-01 1.101244e+01 13 1 1.101244e+01 13 1.268190 2.48e-01
71 0 8326 1.418464e-01 2.155007e+02 204 1 2.155007e+02 204 1.728270 1.73e-02
72 0 8373 1.612291e-01 2.677813e+02 235 1 2.677813e+02 235 1.164662 4.28e-01
73 0 8628 2.493600e-01 5.677557e+01 63 1 5.677557e+01 63 1.068405 7.04e-01
74 0 8942 2.666559e-01 3.320667e+01 38 1 3.320667e+01 38 1.060877 7.32e-01
75 0 8972 3.347753e-01 2.033724e+01 19 1 2.033724e+01 19 1.022214 8.92e-01
76 0 9083 1.794349e-01 1.382252e+02 116 3 3.093775e+02 278 1.450793 9.13e-02
77 0 9346 1.581159e-01 2.378325e+02 236 2 4.527517e+02 435 1.425174 1.05e-01
78 0 9512 1.697574e-01 1.914168e+02 238 1 1.914168e+02 238 1.673663 2.44e-02
79 0 9655 3.508872e-01 2.432917e+01 41 1 2.432917e+01 41 1.057066 7.46e-01
80 0 9695 1.522850e-01 1.810914e+02 189 1 1.810914e+02 189 1.111666 5.64e-01
81 0 9777 2.128715e-01 9.945727e+01 124 1 9.945727e+01 124 1.259765 2.60e-01
82 0 9878 1.456225e-01 3.216790e+02 294 1 3.216790e+02 294 1.329465 1.79e-01
83 0 9908 2.706526e-01 8.606378e+01 104 1 8.606378e+01 104 1.076139 6.77e-01
84 0 10079 1.369330e-01 1.334736e+02 150 1 1.334736e+02 150 1.028461 8.64e-01
85 0 10105 1.671844e-01 1.961298e+02 230 1 1.961298e+02 230 1.407511 1.16e-01
86 0 10242 1.999250e-01 1.454687e+02 167 1 1.454687e+02 167 1.328364 1.80e-01
87 0 10403 1.280056e-01 1.375593e+02 125 3 3.893049e+02 336 1.705639 2.00e-02
88 0 10713 1.567644e-01 1.449292e+02 141 1 1.449292e+02 141 2.035743 2.06e-03
89 0 10744 2.449920e-01 3.822096e+01 45 1 3.822096e+01 45 1.006713 9.66e-01
90 0 11062 1.172922e-01 4.680521e+02 345 2 8.061470e+02 655 1.193104 3.69e-01
91 0 11105 2.567968e-01 4.172920e+01 77 1 4.172920e+01 77 1.093867 6.18e-01
92 0 11149 1.647428e-01 2.014067e+02 195 1 2.014067e+02 195 1.365088 1.47e-01
93 0 11188 1.803188e-01 3.184356e+01 22 1 3.184356e+01 22 1.003304 9.83e-01
94 0 11310 1.417224e-01 8.341313e+01 68 1 8.341313e+01 68 1.132213 5.07e-01
95 0 11372 1.586623e-01 1.650182e+02 154 2 2.695358e+02 277 1.352456 1.58e-01
96 0 11373 1.209272e-01 2.143983e+02 196 2 2.978115e+02 264 1.447121 9.32e-02
97 0 11462 2.623726e-01 1.634498e+01 15 1 1.634498e+01 15 1.132581 5.06e-01
98 0 11500 1.690885e-01 1.045177e+02 123 1 1.045177e+02 123 1.166047 4.25e-01
99 0 11584 1.560710e-01 1.233775e+02 117 1 1.233775e+02 117 1.361842 1.50e-01
100 0 11691 1.191892e-01 3.607866e+02 268 3 6.033328e+02 499 1.475379 7.94e-02
101 0 11891 2.480460e-01 5.052756e+01 65 1 5.052756e+01 65 1.067401 7.08e-01
102 0 11920 1.127317e-01 4.417632e+02 372 2 5.634649e+02 471 1.653935 2.76e-02
103 0 11958 1.948730e-01 4.658484e+01 43 1 4.658484e+01 43 1.076343 6.76e-01
104 0 12651 2.701697e-01 6.686861e+01 105 1 6.686861e+01 105 1.186553 3.82e-01
105 0 12767 2.022643e-01 3.747590e+01 55 1 3.747590e+01 55 1.001025 9.95e-01
106 0 13021 3.242018e-01 2.932166e+01 60 1 2.932166e+01 60 1.046468 7.88e-01
107 0 13088 2.309422e-01 9.539036e+01 146 1 9.539036e+01 146 1.300417 2.09e-01
108 0 13144 2.721571e-01 3.589085e+01 48 1 3.589085e+01 48 1.103484 5.88e-01
109 0 13507 2.819118e-01 2.608369e+01 25 1 2.608369e+01 25 1.015510 9.24e-01
110 0 13565 2.439645e-01 6.840942e+01 88 1 6.840942e+01 88 1.193152 3.69e-01
111 0 13776 1.879872e-01 1.841564e+02 157 1 1.841564e+02 157 1.410598 1.14e-01
112 0 13781 2.524948e-01 3.074960e+01 34 1 3.074960e+01 34 1.058760 7.40e-01
113 0 13928 2.071838e-01 1.149160e+02 122 2 1.409997e+02 147 1.390740 1.28e-01
114 0 14238 2.107125e-01 1.123020e+02 141 1 1.123020e+02 141 1.283536 2.29e-01
115 0 14251 1.748939e-01 2.149192e+02 199 1 2.149192e+02 199 1.199134 3.58e-01
116 0 14347 1.778886e-01 1.940079e+02 216 1 1.940079e+02 216 1.250151 2.73e-01
117 0 14363 2.074590e-01 1.103377e+02 107 1 1.103377e+02 107 1.151094 4.59e-01
118 0 14456 1.160422e-01 3.683427e+02 398 2 5.068466e+02 493 1.578406 4.35e-02
119 0 14507 1.032362e-01 5.707465e+02 527 10 3.407774e+03 3256 2.332421 1.82e-04
120 0 14696 1.404843e-01 1.385038e+02 95 1 1.385038e+02 95 1.101373 5.94e-01
121 0 15037 1.984287e-01 8.956106e+01 83 1 8.956106e+01 83 1.502004 6.81e-02
122 0 15105 1.947381e-01 7.719536e+01 61 1 7.719536e+01 61 1.103009 5.89e-01
123 0 15156 1.807546e-01 1.749981e+02 147 2 2.521934e+02 208 1.305360 2.03e-01
124 0 15278 1.629777e-01 2.212853e+02 190 1 2.212853e+02 190 1.505329 6.68e-02
125 0 15486 2.031174e-01 1.366281e+02 137 1 1.366281e+02 137 1.066328 7.12e-01
126 0 15555 2.569554e-01 4.986494e+01 72 1 4.986494e+01 72 1.016122 9.21e-01
127 0 15776 1.103496e-01 2.954141e+02 291 2 8.917453e+02 823 1.987207 2.95e-03
128 0 15874 2.266808e-01 6.731814e+01 78 1 6.731814e+01 78 1.145881 4.72e-01
129 0 15926 2.612251e-01 4.084699e+01 54 1 4.084699e+01 54 1.016253 9.20e-01
130 0 15994 1.923025e-01 1.343551e+02 172 1 1.343551e+02 172 1.233177 2.99e-01
131 0 16214 4.242323e-01 2.288576e+01 52 1 2.288576e+01 52 1.108199 5.74e-01
132 0 16252 2.557855e-01 9.351103e+01 165 1 9.351103e+01 165 1.143764 4.77e-01
133 0 16649 3.040087e-01 2.658262e+01 35 1 2.658262e+01 35 1.093235 6.20e-01
134 0 16999 1.769466e-01 1.477064e+02 158 1 1.477064e+02 158 1.132119 5.07e-01
135 0 17397 1.947532e-01 1.516473e+02 160 1 1.516473e+02 160 1.050887 7.70e-01
136 0 17667 1.282173e-01 1.598480e+02 175 1 1.598480e+02 175 1.565649 4.70e-02
137 0 17738 2.625494e-01 4.097311e+01 30 1 4.097311e+01 30 1.006068 9.69e-01
138 0 18132 3.318235e-01 1.642516e+01 26 1 1.642516e+01 26 1.245817 2.80e-01
139 0 18368 2.448116e-01 5.155821e+01 66 1 5.155821e+01 66 1.218462 3.23e-01
140 0 18389 4.553090e-01 5.556025e+00 7 1 5.556025e+00 7 1.100996 5.95e-01
141 0 18458 2.089218e-01 1.065274e+02 109 1 1.065274e+02 109 1.149654 4.63e-01
142 0 18481 2.940723e-01 3.342209e+01 42 1 3.342209e+01 42 1.062329 7.27e-01
143 0 18554 2.254072e-01 6.346008e+01 51 1 6.346008e+01 51 1.212351 3.34e-01
144 0 18658 1.768166e-01 1.482959e+02 162 1 1.482959e+02 162 1.354557 1.56e-01
145 0 18722 1.593355e-01 1.652803e+02 138 1 1.652803e+02 138 1.314268 1.94e-01
146 0 18748 2.854021e-01 1.560989e+01 15 1 1.560989e+01 15 1.095243 6.13e-01
147 0 18844 2.839353e-01 3.196783e+01 24 1 3.196783e+01 24 1.027277 8.70e-01
148 0 19020 1.930709e-01 1.762872e+02 168 1 1.762872e+02 168 1.093027 6.20e-01
149 0 19047 1.501217e-01 1.716967e+02 173 1 1.716967e+02 173 1.551083 5.12e-02
150 0 19237 1.990342e-01 1.237590e+02 134 2 2.604700e+02 245 1.316437 1.92e-01
151 0 19291 2.285729e-01 1.315776e+02 145 1 1.315776e+02 145 1.387612 1.30e-01
152 0 19309 2.055429e-01 1.367110e+02 111 1 1.367110e+02 111 1.021442 8.96e-01
153 0 19355 5.548534e-01 8.454168e+00 19 1 8.454168e+00 19 1.047254 7.85e-01
154 0 19386 2.211705e-01 1.359951e+02 156 3 2.441603e+02 288 1.373448 1.40e-01
155 0 19529 3.849267e-01 2.880303e+01 54 1 2.880303e+01 54 1.123828 5.29e-01
156 0 19757 2.350388e-01 6.484243e+01 56 2 9.681026e+01 80 1.307275 2.01e-01
157 0 19821 1.103104e-01 5.644182e+02 529 3 9.289211e+02 883 2.088830 1.37e-03
158 0 20110 2.517595e-01 8.208500e+01 106 1 8.208500e+01 106 1.226375 3.10e-01
159 0 20302 1.681460e-01 9.451850e+01 102 1 9.451850e+01 102 1.128776 5.16e-01
160 0 20356 1.949179e-01 1.763546e+02 219 1 1.763546e+02 219 1.081408 6.59e-01
161 0 20707 2.384382e-01 3.969589e+01 36 1 3.969589e+01 36 1.153807 4.53e-01
162 0 20746 2.115179e-01 7.629284e+01 50 1 7.629284e+01 50 1.158315 4.43e-01
163 0 20884 2.236109e-01 6.010686e+01 61 1 6.010686e+01 61 1.214450 3.30e-01
164 0 21075 1.773088e-01 7.191872e+01 59 1 7.191872e+01 59 1.481868 7.65e-02
165 0 21173 3.143953e-01 3.438756e+01 61 1 3.438756e+01 61 1.286945 2.25e-01
166 0 21203 1.491523e-01 2.580808e+02 209 2 4.057872e+02 367 1.436510 9.89e-02
167 0 21412 3.792185e-01 2.925673e+01 52 1 2.925673e+01 52 1.044144 7.98e-01
168 0 21600 1.598741e-01 2.282122e+02 359 1 2.282122e+02 359 1.577676 4.37e-02
169 0 21682 2.280414e-01 1.134431e+02 147 1 1.134431e+02 147 1.028040 8.66e-01
170 0 21878 3.756427e-01 3.876357e+01 60 1 3.876357e+01 60 1.253192 2.69e-01
171 0 21925 2.313404e-01 4.666987e+01 95 1 4.666987e+01 95 1.012275 9.39e-01
172 0 22177 5.201632e-01 5.368899e+00 9 1 5.368899e+00 9 1.084116 6.50e-01
173 0 22251 1.594525e-01 8.172623e+01 87 1 8.172623e+01 87 1.309411 1.99e-01
174 0 22385 7.899343e-02 6.196355e+02 531 11 3.040621e+03 2574 2.612895 1.23e-05
175 0 22405 1.358636e-01 1.010084e+02 77 4 5.885218e+02 531 1.716097 1.87e-02
176 0 22457 2.560102e-01 4.948129e+01 60 1 4.948129e+01 60 1.482769 7.61e-02
177 0 22496 2.107766e-01 9.825658e+01 105 1 9.825658e+01 105 1.028880 8.63e-01
178 0 22622 1.661723e-01 2.643254e+02 321 1 2.643254e+02 321 1.308223 2.00e-01
179 0 22654 2.668468e-01 6.150044e+01 98 1 6.150044e+01 98 1.455061 8.91e-02
180 0 23071 2.116259e-01 9.944652e+01 109 1 9.944652e+01 109 1.419029 1.09e-01
181 0 23142 2.891162e-01 4.090856e+01 66 1 4.090856e+01 66 1.263895 2.54e-01
182 0 23149 2.191886e-01 1.071833e+02 143 1 1.071833e+02 143 1.492314 7.20e-02
183 0 23645 2.191968e-01 1.441643e+02 172 1 1.441643e+02 172 1.000413 9.98e-01
184 0 23930 1.961651e-01 2.942328e+02 323 1 2.942328e+02 323 1.281157 2.32e-01
185 0 24325 3.346985e-01 1.333382e+01 16 1 1.333382e+01 16 1.237292 2.93e-01
186 0 24361 2.104210e-01 5.410714e+01 40 1 5.410714e+01 40 1.123788 5.29e-01
187 0 24380 1.202934e-01 5.963312e+02 532 1 5.963312e+02 532 1.491144 7.25e-02
188 0 24497 3.847298e-01 1.847536e+01 22 1 1.847536e+01 22 1.012175 9.40e-01
189 0 24715 2.836841e-01 4.103746e+01 48 1 4.103746e+01 48 1.284652 2.27e-01
190 0 24731 2.987912e-01 6.286319e+01 84 1 6.286319e+01 84 1.152327 4.57e-01
191 0 25131 1.209848e-01 1.989273e+02 188 2 2.746851e+02 254 1.958639 3.63e-03
192 0 25162 1.607811e-01 2.913808e+02 374 3 3.867708e+02 496 1.797291 1.10e-02
193 0 25206 1.876661e-01 3.263901e+01 31 1 3.263901e+01 31 1.128528 5.17e-01
194 0 25383 1.955961e-01 7.575780e+01 66 1 7.575780e+01 66 1.109835 5.69e-01
195 0 25460 2.933289e-01 3.930363e+01 47 1 3.930363e+01 47 1.005282 9.73e-01
196 0 25671 2.636182e-01 3.653606e+01 43 1 3.653606e+01 43 1.085034 6.47e-01
197 0 25701 1.871510e-01 1.135836e+02 104 1 1.135836e+02 104 1.420882 1.08e-01
198 0 25819 3.980097e-01 2.233938e+01 26 1 2.233938e+01 26 1.294610 2.16e-01
199 0 25874 3.250443e-01 3.711720e+01 51 1 3.711720e+01 51 1.075346 6.80e-01
200 0 26049 3.400900e-01 4.425966e+01 68 1 4.425966e+01 68 1.018101 9.11e-01
201 0 26106 3.898594e-01 7.996008e+00 13 1 7.996008e+00 13 1.045511 7.92e-01
202 0 26186 3.702355e-01 2.104801e+01 30 1 2.104801e+01 30 1.087771 6.37e-01
203 0 26220 3.222431e-01 2.426617e+01 20 1 2.426617e+01 20 1.135388 4.99e-01
204 0 26395 3.166848e-01 3.266527e+01 44 1 3.266527e+01 44 1.221031 3.19e-01
205 0 26899 2.270919e-01 1.073109e+02 98 1 1.073109e+02 98 1.306920 2.02e-01
206 0 27260 2.422363e-01 1.167538e+02 117 1 1.167538e+02 117 1.053616 7.60e-01
207 0 27465 2.051793e-01 6.512849e+01 60 1 6.512849e+01 60 1.186343 3.82e-01
208 0 27891 1.779464e-01 1.830405e+02 187 3 3.333221e+02 379 1.572218 4.52e-02
209 0 27898 1.970034e-01 1.673568e+02 166 1 1.673568e+02 166 1.143852 4.77e-01
210 0 27933 2.329290e-01 9.239735e+01 102 1 9.239735e+01 102 1.206561 3.44e-01
211 0 28047 2.679846e-01 3.683847e+01 45 1 3.683847e+01 45 1.035909 8.32e-01
212 0 28343 2.794314e-01 2.745757e+01 27 1 2.745757e+01 27 1.079701 6.64e-01
213 0 28628 2.180040e-01 1.046571e+02 117 1 1.046571e+02 117 1.554637 5.01e-02
214 0 28790 1.587634e-01 1.600847e+02 161 1 1.600847e+02 161 1.283491 2.29e-01
215 0 28810 2.192171e-01 1.242906e+02 152 1 1.242906e+02 152 1.471645 8.11e-02
216 0 28967 1.308224e-01 2.481206e+02 259 2 5.164872e+02 482 1.386288 1.31e-01
217 0 29151 1.690066e-01 5.797836e+01 51 1 5.797836e+01 51 1.510219 6.50e-02
218 0 29448 2.623139e-01 5.885395e+01 79 1 5.885395e+01 79 1.021241 8.97e-01
219 0 29882 1.536024e-01 2.683666e+02 223 1 2.683666e+02 223 1.016118 9.21e-01
220 0 29928 2.815949e-01 7.411185e+01 130 1 7.411185e+01 130 1.085744 6.44e-01
221 0 29981 1.025175e-01 9.854442e+02 959 35 8.964271e+03 8594 2.450621 6.16e-05
222 0 30276 1.806112e-01 1.992225e+02 216 1 1.992225e+02 216 1.026090 8.75e-01
223 0 30453 3.655221e-01 2.031019e+01 20 1 2.031019e+01 20 1.114595 5.55e-01
224 0 30581 2.832209e-01 6.080907e+01 87 1 6.080907e+01 87 1.042547 8.04e-01
225 0 30877 2.417752e-01 1.023384e+02 146 2 1.631474e+02 233 1.222124 3.17e-01
